0.999999995411654 -8.67234992542091e-05 -4.06906181719535e-05 2.828175682487e-05 8.67238611312943e-05 0.999999996199955 8.89169876470025e-06 2.73045706009847e-05 4.06898468980962e-05 -8.89522757142176e-06 0.999999999132606 0.000282680584653186
0.999975652583747 0.00063789707065642 -0.00694890833417913 -0.00842511479382897 -0.000634278789092445 0.999999662138596 0.00052288919613478 -0.00167665418634951 0.00694923953589769 -0.00051846891997015 0.999975719335151 0.0896102137006056
0.999907482886077 0.00112270148181376 -0.0135560027225069 -0.0177070146029344 -0.0011199834709358 0.999999351167095 0.000208092321049295 -0.00156484860061437 0.0135562275524834 -0.000192890569967154 0.999908091520302 0.187452503277308
0.9997753387823 0.00142412562082316 -0.0211481400825964 -0.0282911131795263 -0.00143522167135204 0.999998840266686 -0.000509513529055671 -0.00218967211645027 0.0211473899451229 0.000539751330081129 0.999776223245487 0.285640299402157
0.999536881725316 0.00197857136868696 -0.0303662201495453 -0.0422471197740083 -0.00203640470166955 0.999996171106156 -0.00187372060829848 -0.003113875459914 0.0303623965905634 0.00193469076752759 0.999537083776741 0.388861899023065
0.999121412128689 0.00211188520631302 -0.041856227336561 -0.0595557080769474 -0.002258623303106 0.999991467675019 -0.00345878561581351 -0.00344445594893496 0.041848565647453 0.00355028421916445 0.999117657253246 0.502832097378942
0.998469867014476 0.00192522593367245 -0.0552649814005191 -0.0814054705491433 -0.00216416368614549 0.999988567406025 -0.00426397148041001 -0.00544592533710331 0.0552561404699512 0.00437704950286101 0.998462618417943 0.625435478125363
0.997430822376911 0.00198278284900814 -0.0716088202995496 -0.10893769759041 -0.00229323241606594 0.9999883247663 -0.00425340054240435 -0.00658333881206792 0.0715995506801922 0.00440668846889594 0.997423724120864 0.766521575498746
0.995921724944001 0.000491959286723154 -0.0902201516326967 -0.139939557856431 -0.000881163586965143 0.999990477508452 -0.00427415993505616 -0.00824904606571421 0.0902171897993924 0.00433622744763688 0.995912674784402 0.916439845062261
0.993886872014138 -0.000761997877973821 -0.110400656688207 -0.17434890450073 0.000305486561495686 0.999991334175718 -0.00415189732866659 -0.010640105705248 0.11040286371247 0.00409279033191374 0.99387849194526 1.06853288703762
0.991229878407858 -0.000712031859564261 -0.132146968040038 -0.224314814226872 8.79351527476236e-05 0.999988816607431 -0.00472852275867071 -0.0152188575208492 0.13214885704747 0.00467543267530622 0.991218855707631 1.24205218217807
0.987727733189354 0.00293113850467959 -0.156158040189056 -0.282817189651358 -0.00392965333212702 0.999973759331666 -0.00608592415200001 -0.0202474130081197 0.156136103811098 0.00662488302998466 0.987713332911695 1.41344972513878
0.983388140774378 0.00694756447416749 -0.181382181958952 -0.341858260983449 -0.0084711600417995 0.999935035274397 -0.00762657710487048 -0.0246043521362389 0.181317412379118 0.00903640297173609 0.983383109164212 1.57512582295404
0.978063553846977 0.00995200793043387 -0.208068839989014 -0.423358372141354 -0.0119627852329508 0.999893093850207 -0.00840789153895901 -0.0331091229673509 0.207962920747165 0.0107125351254119 0.978078046571691 1.77008456084531
0.971258977930515 0.0104163006319864 -0.237797179273673 -0.482989348241943 -0.01276997132681 0.999883516635843 -0.00835948516674821 -0.0369472754699716 0.237682404947618 0.0111558881800023 0.9712788582777 1.93301951197093
0.963274119703144 0.0124324361068226 -0.268231998170581 -0.588416033475299 -0.0151441018246142 0.999852974660998 -0.00804271356446694 -0.039571015735985 0.268092570747603 0.0118094705217514 0.963320772077472 2.14998002546453
0.953832469049352 0.0141837278666937 -0.300004071390739 -0.666251611399899 -0.0170387405041519 0.999831004244416 -0.00690248314991551 -0.0431109199636832 0.299855469033413 0.0116955040680713 0.953912948269047 2.31567888725392
0.94245006653038 0.0162882113971965 -0.333949945749902 -0.786886613831568 -0.0193454612857372 0.999795855744639 -0.00583094876395814 -0.0430336240901474 0.333786796060786 0.0119557937974063 0.942572773726331 2.53573071046974
0.930071895249211 0.018850181332478 -0.366893636264345 -0.869698655070965 -0.022303555718276 0.999737851084164 -0.00517498907625371 -0.050823632364297 0.36669990601289 0.012996144557148 0.930248503979871 2.68011381563144
0.91597786147687 0.0213184279881142 -0.400662054495277 -1.01549575444867 -0.0252652136136045 0.999670338265231 -0.00456987677480739 -0.0460678625202926 0.400432548958398 0.0143087183490897 0.916214513263071 2.90641420916867
0.900175790845091 0.0221569447894095 -0.434962774699186 -1.11668444076474 -0.0264712164153609 0.999642116616438 -0.00386178561016377 -0.0515263611968696 0.4347215433791 0.0149902796573914 0.900440154167886 3.05156863133079
0.881373525998033 0.0175287970246895 -0.472094745728718 -1.26193486804736 -0.0222836638871624 0.999741641298163 -0.00448207298234541 -0.0481729558747345 0.47189421059551 0.0144703811049444 0.881536421299267 3.26728352448814
0.86058796531516 0.0129477499395659 -0.509137220920073 -1.39501206333993 -0.017956051116644 0.999826649643978 -0.00492451926522401 -0.0535929574678435 0.508985200357544 0.0133800759788414 0.860671272544745 3.43579575357981
0.835356312391484 0.0146769303080387 -0.549512892537049 -1.56027871418246 -0.018603295939259 0.999825701680312 -0.00157595674671213 -0.0584672399777725 0.549393983155893 0.0115392363787269 0.835483750467894 3.62505363678926
0.806400360463652 0.0203851971713209 -0.591018529642159 -1.7406155011123 -0.0235981398841673 0.999718915939719 0.00228405479822011 -0.0664845350638011 0.590898964661557 0.0121050753240271 0.806654746910535 3.78747867755122
0.773517315952761 0.0236247135327136 -0.633334694163942 -1.94139516594167 -0.0270163909863846 0.999625776968203 0.00429192716476676 -0.0706991371730673 0.633199081284321 0.0137905377420202 0.773866102455378 3.96569604275242
0.737517620763308 0.0231691429575128 -0.674930329647619 -2.15234651372247 -0.0265264724276968 0.999633905289242 0.00532932047457815 -0.0726977988422863 0.674806717011747 0.0139730530233178 0.737862215095092 4.13609908862325
0.697441054366091 0.0186526514487249 -0.71639936786589 -2.36995609320546 -0.0202560758985742 0.999774907431965 0.00631077321711812 -0.0730945737041096 0.716355824345629 0.0101100476427699 0.697661895091566 4.30426011716208
0.65428410201437 0.0148101085459862 -0.756103812010034 -2.61135548320371 -0.0148637876368503 0.999866928251923 0.00672261892045108 -0.0706908438537997 0.756102758669968 0.00684006380957798 0.654417169593483 4.47211691152981
0.608954875252387 0.0144304971328333 -0.793073590947806 -2.87722203220475 -0.0122829115528961 0.999886169978198 0.00876225827705996 -0.0676590238219758 0.793109759106603 0.00440543287651337 0.609062806425608 4.63709423841793
0.560246886051439 0.0152621190873849 -0.828185060472977 -3.15930072353709 -0.0100686635557861 0.999881849788873 0.0116150108472979 -0.0634093129368017 0.828264479911982 0.00183144307717837 0.560334361905808 4.78353396589127
0.508548527886318 0.0156736260306278 -0.860890662181738 -3.46168410314062 -0.00843560551063754 0.999877016092048 0.0132209398505238 -0.058694084198497 0.860992006550774 0.000538644515699254 0.508618201127091 4.92257098485113
0.455288934528913 0.017169396979493 -0.890178183232373 -3.78213779415919 -0.0075654040300589 0.999852554737707 0.0154153639705003 -0.0533283436362674 0.890311603180251 -0.00028388702260775 0.455351697757644 5.04165036113992
0.400417995129873 0.0192510958286689 -0.916130353435344 -4.12229187645842 -0.00634251981116156 0.999813567223994 0.0182374131191307 -0.0485451252661011 0.916310646897993 -0.00149201348124746 0.400465444548158 5.14453364284032
0.34484255721887 0.0213199605907787 -0.938418387506958 -4.48436514123243 -0.00611299126801809 0.999771830400715 0.0204674980142069 -0.0411391241076833 0.938640635210573 -0.00132152094651361 0.344894203363698 5.23030477830873
0.289709558382824 0.0243027700697977 -0.956806013332151 -4.86150221123688 -0.00319656785073136 0.9996965716623 0.0244243026639353 -0.0435046886171275 0.957109269485781 -0.00401745859697315 0.289699337746597 5.30432426261655
0.236173173851927 0.0260783349632632 -0.971360979450097 -5.25436680982934 0.000942969193502697 0.999633186762681 0.0270666350288742 -0.0394142709656285 0.971710524159231 -0.00730837657965302 0.23606195133897 5.36063287510806
0.18537240564026 0.0265870477959167 -0.982308607371757 -5.66280376660347 0.00340554357947167 0.999610535606183 0.0276980031419046 -0.0347797222788473 0.982662441278831 -0.00847974024474099 0.185209666338749 5.39982900297706
0.137498550005121 0.0276508789319209 -0.990115941514316 -6.10559061016489 0.0016762720677587 0.999602344411771 0.0281485907009024 -0.0288651317926316 0.990500549650753 -0.00553009410266477 0.137397522542336 5.42805350567718
0.0952529249290366 0.0278143747232491 -0.995064440552077 -6.57591446185249 0.000826564515286791 0.999607007712443 0.0280204732878946 -0.0252459347239068 0.99545275984527 -0.00349151699555195 0.0951925008890111 5.43505992704476
0.0576279218629843 0.026312720371444 -0.997991314275033 -6.99000952796 -0.00175312814727041 0.999653732440693 0.0262553186819364 -0.00912786085639128 0.998336591117171 0.000236567210296565 0.0576540967538473 5.42042098028962
0.0230263889303137 0.0237594351915532 -0.999452487441103 -7.52905718283691 0.000831440774617411 0.999716754146595 0.023784873025398 -0.00806972018156137 0.999734511817547 -0.00137866528729227 0.0230001122379302 5.41377210934705
-0.00835340500275672 0.0211256172422637 -0.999741931160734 -7.94223631598445 -0.000681323215327448 0.999776461362784 0.0211320397402976 0.00454683503882253 0.999964877594976 0.000857671873521159 -0.00833714432052091 5.37885687118964
-0.0347345809155259 0.0191623332350424 -0.999212847131987 -8.53457454108414 0.000427787073219235 0.999816357300853 0.0191590362981062 0.00181563997953263 0.999396480825725 0.000238030757162418 -0.0347363995617835 5.34497171885402
-0.0558139208444079 0.0169589068458568 -0.998297151011946 -8.98089785821072 -0.00127084701457357 0.999853721358281 0.0170564015507957 0.0167712060395545 0.99844037938569 0.00222066760006738 -0.0557842042837422 5.29403533324253
-0.0718339672527646 0.0161059256071537 -0.997286558772887 -9.57749195872077 -6.78347375836549e-05 0.99986953713842 0.0161525261507082 0.0212879536822917 0.997416601299165 0.00122795070656946 -0.071823503046601 5.24202910654669
-0.0850510980417505 0.0165469495904454 -0.996239182717255 -10.0447929255568 1.43143888890508e-05 0.99986211239577 0.0166059022810102 0.0352891607875198 0.996376590711058 0.001398089667886 -0.0850396074090758 5.18420411274816
-0.0945449108347629 0.0178926747392535 -0.995359790239651 -10.68144409382 -0.000910467787299033 0.999836497043334 0.0180596298002666 0.0270838453864771 0.995520181052928 0.00261368911496096 -0.094513161758325 5.11885036388817
-0.101353844482139 0.0191995260875491 -0.994665157933415 -11.1832007546757 -0.00308563329082297 0.999802882862078 0.0196131152006334 0.0358500988444952 0.994845654901244 0.00505703655239629 -0.101274623205533 5.04937619007159
-0.105607011427062 0.0200889195095379 -0.994205006248905 -11.8395218744779 -0.00255366899840418 0.999787145492207 0.0204729695743085 0.0368125549582028 0.994404665069554 0.00470095963429594 -0.105533232047662 4.97769581477505
-0.107209013625746 0.0208118557839985 -0.994018658806876 -12.3847407874701 -0.000713729987171867 0.999779022599952 0.0210094397495554 0.0532039239039605 0.994236248578224 0.00296186223697819 -0.107170468811091 4.91446851975653
-0.1062133777847 0.0231258766293895 -0.994074399735597 -13.0537203960923 0.00122904775299945 0.999731798900127 0.0231261693658461 0.059023626098677 0.994342600827897 0.00123454365625825 -0.106213314046664 4.84323691645278
-0.104781661605835 0.0255454987366673 -0.99416710410545 -13.6637176216571 0.000732156331118755 0.99967174778617 0.0256097759703415 0.0662926214513792 0.994494981052307 0.00195554914006476 -0.104765970092076 4.7761801689291
-0.103062465196987 0.0256743690598885 -0.994343479407844 -14.3131055352782 -0.00193952957200086 0.999659731804977 0.026012666772941 0.0714617018973652 0.994672994753834 0.00460948814700479 -0.102977600119946 4.69784826750232
-0.101359084636889 0.0229529048557242 -0.994585089431898 -14.9758114749854 -0.00356682854367281 0.999719002506793 0.0234348834211407 0.0812198884589506 0.994843512164457 0.0059228528182361 -0.101248733911993 4.6250720224335
-0.100133287559695 0.0228751151148626 -0.994711040368493 -15.659243492218 -0.00365608270958735 0.999720471020654 0.0233583578503119 0.0933320894710117 0.994967314931354 0.00597569499927444 -0.100021664091174 4.55424624579001
-0.0983389105035899 0.025553618233096 -0.994824844520966 -16.3727227993331 -0.00336862614582964 0.999655988646779 0.0260107039604974 0.107330749955839 0.995147281078965 0.00590905727068096 -0.0982190002154129 4.48237106607953
-0.0964808544972993 0.0290816986826773 -0.994909895175036 -17.0714311612936 -0.004697046042255 0.999548629936596 0.0296727846747118 0.118167862034199 0.995323757615555 0.00753599320626279 -0.0963007078501878 4.40786216631521
-0.0947084560579439 0.0312486140288476 -0.99501448857411 -17.8142605125311 -0.00493114757855555 0.999480233628204 0.0318582229584369 0.126766436657786 0.995492838816372 0.00792380639510321 -0.0945051382599587 4.33279820384793
-0.0929023271525347 0.0306163754388851 -0.995204398686335 -18.5555661387616 -0.00666896338672982 0.999485571971049 0.031370628764048 0.14099862833088 0.995652892597109 0.00955138611356993 -0.0926503561046563 4.25809291467342
-0.0912473726134453 0.0275477873373526 -0.995447153998623 -19.3172258638768 -0.00896827959745548 0.999554030226515 0.0284835148637569 0.156372248376258 0.995787872466925 0.0115264942956648 -0.0909596227842171 4.18300859163128
-0.0897364172841715 0.026942637533397 -0.995601059509152 -20.087414516333 -0.0098495601343034 0.999561142777545 0.0279375735239916 0.171368406439448 0.995916844710522 0.0123132502610677 -0.0894316626807672 4.10741739831049
-0.0881858072782049 0.0293141968230234 -0.995672607466587 -20.8703157379073 -0.00726360464375277 0.999521377727784 0.0300708415700746 0.185823740102457 0.996077558949237 0.00988399361464376 -0.0879306728505764 4.03819591733575
-0.0870309277995585 0.031381533878078 -0.995711211616002 -21.6606429810615 -0.00524961709488544 0.999475393820666 0.0319590154319976 0.199930403607467 0.996191778287045 0.00800852536267561 -0.0868205298003315 3.96346052773684
-0.0856594444011232 0.0331435409474321 -0.995773049082147 -22.4690610008839 -0.00422399800622997 0.999425476870181 0.033628470432881 0.21284306494591 0.996315521020191 0.00708673946732071 -0.085470232818146 3.89277747432808
-0.0851177081634009 0.0285804019175165 -0.995960911071937 -23.2613682745855 -0.00413407725759729 0.999569780535453 0.0290372733832676 0.222841836796005 0.996362326245949 0.00658896551361624 -0.0849629352789911 3.81856143881266
-0.0848452845447278 0.0216674219457298 -0.996158521780921 -24.0701192877138 -0.00250863087704004 0.999755717444778 0.0219593307639472 0.232217890305211 0.996390979717122 0.00436213969324508 -0.0847702027581017 3.75172915582267
-0.0849710143268252 0.0171914078672549 -0.996235103888541 -24.8933263703179 0.000552301720427216 0.999851801031633 0.017206711963909 0.24259295322725 0.99638327047732 0.000911849406975231 -0.0849679165543025 3.67664337319721
-0.0854227294131125 0.0180084270403777 -0.996182038512613 -25.7203069275026 0.00157584581719697 0.999837834429623 0.0179393855257405 0.251638646386829 0.996343552199529 -3.73980229540129e-05 -0.0854372552918998 3.60734605736172
-0.0854848755832069 0.0254952298081476 -0.996013217434163 -26.5570222043993 0.00119358918001468 0.999674453706983 0.0254865052628891 0.257020529671302 0.996338753332115 0.000989880131967807 -0.0854874771292928 3.53067626644082
-0.0857807421418095 0.0325842323266482 -0.995781066340028 -27.4024697034127 -0.000200399483548042 0.999464471064467 0.0327220249964989 0.268479620494628 0.996314018830232 0.00300647360000396 -0.0857282742089509 3.45116975449499
-0.0861039907548509 0.0379447534694912 -0.995563307108206 -28.2492600292188 -0.00222936757104815 0.999264617519447 0.0382786375664863 0.279932313395151 0.996283660759486 0.00551542000692551 -0.0859560785856677 3.37004965919281
-0.0864473220025688 0.0382754083399867 -0.995520895629515 -29.0896181316012 -0.0039040003102976 0.999241021511774 0.0387574471512751 0.292891195198022 0.996248773801083 0.0072369913993292 -0.0862322831387681 3.28831554992441
-0.0867991619631951 0.034812140773024 -0.995617406606216 -29.925209432385 -0.00397836050979498 0.999369189606524 0.0352901617005775 0.307761818030148 0.996217886875226 0.00702408143446242 -0.086605912903571 3.20973278815593
-0.0871636186000668 0.0320838876977809 -0.995677220660761 -30.7629139591521 -0.00411510344634393 0.999461113587222 0.0325660613310105 0.324156843884274 0.996185509589538 0.00693589051134981 -0.0869846187934773 3.1306515617136
-0.0872282535306124 0.0333079225277401 -0.995631364553611 -31.6053332228879 -0.00564256153746496 0.999408329820051 0.0339286278177083 0.339544853032876 0.996172371271807 0.0085774461923528 -0.0869887011716013 3.04847251611315
-0.0870719708433205 0.0357222963780382 -0.995561343883409 -32.4440408721987 -0.0065148334707661 0.999315088948735 0.036426775100596 0.35145145343866 0.996180720973011 0.00965766746480779 -0.0867796094761382 2.9671852388815
-0.0869684424357555 0.0341265951998599 -0.995626368433643 -33.2874422377948 -0.00720360461963759 0.999365406142927 0.0348839946861964 0.362148109747129 0.996185022021905 0.0102059053908773 -0.0866674182975924 2.88617327824632
-0.0865708163415417 0.028958602546063 -0.995824730108938 -34.1200370462073 -0.00814860191259293 0.999523424682738 0.0297745494904902 0.374339101573496 0.996212373966932 0.0106921863559664 -0.0862935867031853 2.80643492395841
-0.0863568879535646 0.0247868688915023 -0.995955872031252 -34.9497788248842 -0.00955111992283076 0.99962391010924 0.0257063114066285 0.386610691511424 0.996218482066658 0.0117324110254596 -0.0860876676437135 2.72762078185391
-0.0857680999383763 0.0254767503949337 -0.995989341420015 -35.7861499918788 -0.0089638372961275 0.999612816662335 0.0263413436506494 0.398943456883196 0.99627480277978 0.0111871333999062 -0.0855065225138028 2.64774289822223
-0.0851539762298612 0.0280978298093347 -0.995971541908829 -36.6123851206501 -0.00811803453953135 0.999549548923614 0.0288928496658789 0.40254547509247 0.996334731828345 0.0105456724112674 -0.0848875193767318 2.57605225823649
-0.084727663864796 0.0328864068093274 -0.995861289147834 -37.4661412210802 -0.00750970985148166 0.99940572070083 0.033642379351068 0.418284510869878 0.996375846372222 0.0103290695430919 -0.0844303445948982 2.49327458777418
-0.0840383946247838 0.0386577489356868 -0.995712371458804 -38.2853998018556 -0.00700136930323557 0.999199618174307 0.039384056015074 0.429344965257176 0.99643792032257 0.0102811228737029 -0.0837004746443353 2.42543372962911
-0.0842884608524226 0.0417662326976642 -0.995565687020889 -39.1494620386095 -0.0069446682833754 0.999072275007732 0.0425013046071427 0.446864999312128 0.996417195229771 0.0104962430002268 -0.0839202117091984 2.34306972792857
-0.0838930063497672 0.0417780869137098 -0.995598591270312 -39.9509786265748 -0.00691920396167562 0.999072214116886 0.0425068888078105 0.461424937798764 0.996450745447127 0.0104547804096187 -0.0835261004982992 2.27459527973274
-0.0838669489180872 0.0372857761242675 -0.995779145080867 -40.8095151886326 -0.00663716369733132 0.999256647990945 0.0379749852396944 0.483340484253482 0.996454857450766 0.00979399533955291 -0.0835571344533967 2.19545768472959
-0.0834844695399342 0.033128590459224 -0.995958252056692 -41.6111370001109 -0.00763004949198916 0.999396695954391 0.0338825391639567 0.495498352364268 0.99647986717765 0.0104278765639165 -0.0831813302369113 2.1235284574891
-0.0832980159767713 0.0302466952996561 -0.996065549026661 -42.4433285350344 -0.0116250763254982 0.999441758291578 0.0313213885941309 0.510489635625719 0.996456872190041 0.0141883475601628 -0.0828998954085718 2.04152799694056
-0.0837363333735863 0.0285785820361752 -0.996078054733639 -43.2574535555543 -0.0150792482170681 0.999437869551834 0.0299426314625015 0.520401367786315 0.996373846879953 0.0175273944011294 -0.0832583190987639 1.96299712721662
-0.0843921544790924 0.0266141879518626 -0.996077130177197 -44.0853918094461 -0.0126533532807364 0.999534012398252 0.0277786016531376 0.529464790755229 0.996352275509586 0.0149480118649189 -0.0840160700589856 1.88674044657055
-0.0855922157676343 0.0231214054318795 -0.996061932417278 -44.9050032271592 -0.00937927094745269 0.99966769363884 0.0240110718481245 0.533799643238677 0.996286104428081 0.0113974955870218 -0.0853469110036373 1.81968940435503
-0.0862819665060499 0.0214771359922464 -0.996039233607502 -45.7243895281237 -0.00491126587426155 0.999746292213619 0.0219825083335116 0.545258530733607 0.996258652019324 0.00678850754519316 -0.0861545961742476 1.74383286253032
-0.0881369117581354 0.0251498212316126 -0.995790827070503 -46.5549411584522 -0.00471561454820103 0.999659479840017 0.0256649049368819 0.549766448504508 0.996097207989848 0.00695779117280169 -0.0879883024999586 1.67029470873936
-0.0898240901537026 0.0314408160643599 -0.995461253848319 -47.3739928126483 -0.00225513736240042 0.999492610144444 0.0317716323490445 0.556053885362043 0.995955092955268 0.00509875983482617 -0.089707610962563 1.5938292295702
-0.0917057708241882 0.0352126173265861 -0.995163365070556 -48.1955363980178 -0.000397124476759866 0.999373209385732 0.0353981730349356 0.564984770036276 0.995786068334806 0.003641420474581 -0.0916343067155303 1.51742839651966
-0.0932284676468771 0.0343189957544493 -0.995053093734511 -49.0010558950433 -0.000356839511194255 0.999404547497649 0.034502508699836 0.575509681688874 0.995644678329462 0.00357169027563929 -0.0931607081488566 1.43907031447929
-0.0942514456190582 0.0304524978554466 -0.99508256460109 -49.8048116951455 -0.00361646978646188 0.999514989311359 0.0309306852203175 0.583754870018027 0.995541855546517 0.0065139478259178 -0.0940956021220967 1.35112565362049
-0.0954578575647786 0.0267919373062726 -0.995072856390184 -50.6041700423995 -0.00833245616030787 0.999581201641367 0.0277126595536503 0.594077108714648 0.995398597348559 0.0109367920605971 -0.0951946373276575 1.25906045726891
-0.0967463591130622 0.0252487249283305 -0.994988765709372 -51.4023061622567 -0.0124510927527506 0.99956926048424 0.0265756238732374 0.603599564113918 0.995231185347218 0.0149597922606861 -0.096390312417215 1.16708166798183
-0.0977064056614483 0.0263751558511469 -0.994865724329946 -52.1995344722048 -0.0140458484982175 0.99951265234707 0.0278778036812484 0.609143455105363 0.995116160271094 0.0166975732354381 -0.0972883272307707 1.07752186190348
-0.0986758147336291 0.0278874402302923 -0.994728794327407 -52.9934472309887 -0.0138312445878426 0.99947225055659 0.0293924657096986 0.616230354556735 0.995023507390557 0.0166586627538469 -0.0982380206205715 0.992041480681372
-0.0996129711211615 0.0273688113041097 -0.994649789700986 -53.7787534640986 -0.0156782608853779 0.999454380656396 0.0290711733913387 0.623490430393372 0.99490273299455 0.018490244848008 -0.0991295249934956 0.904151450796057
-0.100216455743993 0.0272249346484067 -0.99459311526448 -54.5607189265882 -0.0163113810919825 0.999446277395499 0.0290013352649677 0.630533781345631 0.994831946031582 0.0191295983666393 -0.09971688734285 0.813345801091849
-0.100686632200256 0.0290322005319471 -0.994494511512479 -55.3362272332836 -0.0147434634910181 0.999420862777082 0.0306687027799159 0.641025403977514 0.994808942652035 0.0177502219193624 -0.100200285635092 0.734681175733394
-0.100844036258796 0.0318861371400445 -0.994391147692557 -56.1104396387303 -0.0140184729155356 0.999341520130044 0.0334665289698289 0.650728597489375 0.994803479471273 0.017314745232266 -0.100330637541036 0.651790937053427
-0.100992816535738 0.0361025610462384 -0.994231892515062 -56.8915064030727 -0.0141647434216149 0.999187899755464 0.0377213603421711 0.661752222409935 0.994786314266526 0.0178926260835778 -0.100399416730649 0.564878960107457
-0.101622028290045 0.0382229635369131 -0.994088511363386 -57.6478847911751 -0.0140359124544173 0.999107056058149 0.0398507678268714 0.674184721514865 0.994724060495065 0.0180026551729208 -0.100994791345572 0.482355447165562
-0.102380047123559 0.0382269978151367 -0.994010574686718 -58.4212198077221 -0.0134439111896961 0.999116900064194 0.0398080551903759 0.686796325195308 0.994654506450809 0.0174389404539949 -0.101775714946841 0.392602361521
-0.102581771090259 0.0361937049345181 -0.994065891157673 -59.1460857973932 -0.0128270053662658 0.999206602727991 0.0377045487722805 0.701018715260723 0.994641869304384 0.0166186879115208 -0.102036126145499 0.319781415396612
-0.102629463249137 0.0327253081075362 -0.994181194492463 -59.9111390816291 -0.0126046325482542 0.99933565244648 0.034196154574612 0.709508710871505 0.994639792342694 0.0160408216321389 -0.102148791132585 0.231319338327694
-0.102435968142569 0.0297858430289738 -0.994293556242697 -60.6056170070536 -0.0129504532192114 0.999426952502422 0.0312738288851665 0.720888362568152 0.994655296166522 0.0160801171256614 -0.101991527300621 0.158537705386403
-0.101081480528782 0.0275527856412488 -0.994496545141066 -61.3559098452462 -0.0134921060520881 0.999486538636193 0.0290623839235695 0.726758043431551 0.994786659223167 0.0163555216501687 -0.100657833988032 0.0686533779639404
-0.0987616750829461 0.0267714921686058 -0.994750933018852 -62.0172623654161 -0.0158502489773576 0.999468912871571 0.0284721233959929 0.733526735756783 0.994984874830852 0.0185790045585642 -0.0982848892121595 0.000423036369634033
-0.0947159934133639 0.027790627958915 -0.99511635580437 -62.7461116317348 -0.0161737018080571 0.99943537525794 0.0294506715177085 0.736404691614701 0.995372941143943 0.0188841648125907 -0.094213037090348 -0.0805155859182918
-0.0887861448160683 0.0293076003079636 -0.99561944790813 -63.3771920803874 -0.0154681055405589 0.999405919914673 0.0307984569498442 0.743863333732389 0.995930599087952 0.0181348229573362 -0.0882800656808762 -0.132011202448111
-0.081684240797705 0.030914194738151 -0.99617869750813 -64.0662913570728 -0.0146664615859972 0.999373317465876 0.0322159470106829 0.74697625487339 0.996550339777098 0.0172419517729384 -0.0811796488610947 -0.194886145634385
-0.0727513164082152 0.0322936544080012 -0.996827149432563 -64.6797892717143 -0.0156954456447417 0.999314805113545 0.0335197444335508 0.752866385947838 0.997226603609674 0.0180842518743293 -0.0721946042807984 -0.237277299447285
-0.0611158937810989 0.034097922378761 -0.99754808366153 -65.3248189156882 -0.0177154751444261 0.999221832048594 0.0352404923044217 0.756211205559861 0.997973451284024 0.0198257924659463 -0.0604642744548594 -0.283516731874627
-0.0460663622113824 0.0354930516197358 -0.99830763472956 -65.9133091387074 -0.0211142464569966 0.999110723189943 0.0364959094067137 0.766918858464745 0.998715214097174 0.0227597472215447 -0.045275987424334 -0.308152336849711
-0.0279923453561588 0.0367891183233801 -0.998930923224649 -66.4855469212364 -0.0225273039498948 0.999045504223327 0.0374246051135751 0.774668531755951 0.999354266102973 0.0235508230035878 -0.0271368671302177 -0.319940340016501
-0.00564619362703112 0.0376745359926794 -0.999274111460546 -67.0790447599415 -0.0238579572113328 0.999000516293164 0.0377990254331172 0.781100807233142 0.999699414011646 0.0240540596101267 -0.00474171288082514 -0.315666929123077
0.0195512721916163 0.0383027662090145 -0.9990748950186 -67.6300202406754 -0.0221331237619618 0.999037598836332 0.0378682049201307 0.784487501953032 0.999563841176854 0.0213722767171143 0.0203802158894376 -0.286109911221004
0.0488448672927869 0.0375652723456149 -0.998099709073572 -68.1515535883274 -0.0220968665809814 0.999088552925496 0.0365211158173088 0.796247791094313 0.998561919675717 0.0202710070504341 0.0496304225924877 -0.238888842150689
0.082614937262894 0.0377148075589151 -0.995867644535077 -68.6495694124336 -0.0199550663352736 0.999145908921602 0.0361835323425058 0.801295459029103 0.996381737823714 0.0168833046534241 0.0832969780686955 -0.173319752821996
0.120306381243692 0.0378153291746202 -0.992016318167934 -69.152290758342 -0.0204879333640745 0.999155985539223 0.0356028249948456 0.81050966210737 0.9925253745968 0.0160411171855168 0.120979598862468 -0.0845485150782198
0.160887765381598 0.0376175884534059 -0.986255567279327 -69.5870598918839 -0.0195903601354398 0.999198242382152 0.034915472360861 0.814480877366669 0.986778265235043 0.0137036294232026 0.161495714495314 0.00915268546710735
0.205933840098865 0.0383544712128929 -0.97781398437541 -70.0792353849861 -0.0195169037416736 0.999193822170751 0.0350827051999037 0.823422079399807 0.978371271026737 0.0118591852074447 0.20651638132541 0.153929247414963
0.254326539918642 0.0371353709692329 -0.966405181751417 -70.4564677677491 -0.0161300652610842 0.999286409261631 0.0341539640403336 0.823137759911621 0.966983884088915 0.00690191915141653 0.254744050812463 0.277912178121369
0.304933962340411 0.0324814784570464 -0.951819432544126 -70.9228266483166 -0.00793289505958575 0.999470183815294 0.0315661343879042 0.822775012976808 0.952340457917939 -0.00207490276062652 0.305030075551877 0.458961290864789
0.35553731693701 0.0272190783600742 -0.934265667804645 -71.271720917127 -0.00316268972531257 0.999605182057654 0.0279191224286493 0.819693499449156 0.934656735737208 -0.00697149745123983 0.355483029924572 0.645233694669308
0.40898258047412 0.022425368221415 -0.912266601235003 -71.7093320083658 0.00229604711651328 0.999669545967509 0.0256032621506014 0.830358353385738 0.912539301639315 -0.0125658953221653 0.408795940829143 0.861451417371955
0.459598690764029 0.0217656369952764 -0.88785995545141 -72.0467345231668 0.00148297757460794 0.999679448321936 0.0252745203765007 0.837944065428211 0.888125466488549 -0.0129328128780553 0.459419087680908 1.09327898382237
0.507650966011893 0.0206521200866997 -0.861315265534704 -72.4175668338207 0.00324300026509258 0.999659779364059 0.0258806582428129 0.841488133179111 0.861556718769271 -0.015931586792445 0.507411277846484 1.35102144699179
0.552821496343401 0.0163725139618584 -0.833138844351415 -72.7625917221086 0.0108381606213936 0.999581122625998 0.026834931788516 0.847183563775913 0.833229216635487 -0.0238646197606034 0.552412483990626 1.63369116205583
0.597203126912117 0.00992456565596436 -0.802028633031845 -73.1000780262576 0.0209285912740891 0.999390194746526 0.027950540456017 0.849145707028734 0.801816948731861 -0.0334774796100569 0.596631242129748 1.93651955083973
0.639383701200221 0.00494839720429965 -0.768871898305963 -73.399058073978 0.0226029372061493 0.999426149617403 0.0252285292989284 0.849382376818845 0.768555521656803 -0.0335094736759695 0.638904942307381 2.24760290102845
0.68085629610158 0.000289871924035718 -0.732416971426185 -73.7050320575023 0.019343616769895 0.999643982640423 0.0183774987703358 0.852253617786326 0.732161545390836 -0.0266800289554174 0.680608292269379 2.56316720297239
0.721502287449806 -0.00642925304970604 -0.692382202190323 -73.9924189270345 0.0157729903135099 0.999850019152255 0.00715206108789689 0.855959635326816 0.692232375710114 -0.016081166203293 0.72149548447116 2.90342717056677
0.761275464774576 -0.00964439439087782 -0.648356886590315 -74.2733810725901 0.0114163963364987 0.999933751099888 -0.00146945772142364 0.862412537115051 0.648328105689504 -0.00628323707497002 0.761335135341144 3.27051016482734
0.798133224566003 -0.0103208592230073 -0.602392592674223 -74.5390947283862 0.00992461502302892 0.999942818720724 -0.00398262545280814 0.85839635516267 0.602399251211784 -0.00279984888012753 0.798190016841685 3.68300497001857
0.832424067337717 -0.0122262857934025 -0.554004232883315 -74.7949305598694 0.0105827286128774 0.999924989661799 -0.00616610938571487 0.860743097159599 0.554038065454024 -0.000730058592483401 0.832491014391395 4.12471344282957
0.863219291497207 -0.0110275533303609 -0.504708676222834 -75.0306151578208 0.00776280659173662 0.999933136950323 -0.0085709079161066 0.857595906462971 0.504769446005678 0.00348061722014006 0.863247178786521 4.5822760185934
0.889354716417501 -0.00989862802029958 -0.457110714760944 -75.2633309080729 0.00748410183954928 0.999946840564956 -0.00709254988120279 0.851121163462296 0.457156621526585 0.00288672954705402 0.889381521163399 5.08298252290605
0.91076673775394 -0.00333480384510665 -0.412907772370974 -75.4663597778988 0.000926667364912827 0.999981376435499 -0.00603225246147615 0.838858835228003 0.412920198935146 0.00511134673827178 0.910752866284746 5.58674004543995
0.928535526374108 0.000693746596210495 -0.3712429056249 -75.6632561041924 -0.00383977831356537 0.999962710452127 -0.00773523158913696 0.83520993454967 0.371223695854213 0.0086079277933284 0.928503565537281 6.10870553726123
0.942188514048449 0.0054827551795162 -0.335038420768152 -75.8465852907009 -0.00802061509095966 0.999948664969107 -0.00619170090236216 0.830728059037139 0.334987273980279 0.00852096368629338 0.942184121840905 6.65589137222211
0.952239871211855 0.00698893426882876 -0.305270998413239 -76.0385082005214 -0.00866563043651326 0.999953891715246 -0.00413778837931949 0.813481908308683 0.305228004160116 0.00658553272865966 0.952256528586238 7.2901525125577
0.959814409284973 0.00575024301700409 -0.28057661063279 -76.1875935904028 -0.00677048953106528 0.999973523204813 -0.00266708846166597 0.81038414689738 0.280553845456534 0.00445955094129577 0.959827928435589 7.82694924813555
0.965599656925013 0.00633064948006703 -0.25995619904795 -76.3510235668022 -0.00670195379910768 0.999977394766688 -0.000542006366469247 0.795373640635179 0.259946891425098 0.00226557559732488 0.965620257039816 8.49760802986285
0.970420076005669 0.00828870428104335 -0.241280279895586 -76.4821292025541 -0.0080218714639405 0.999965643970613 0.00208817064763302 0.796043181821781 0.241289298692185 -9.08833264828654e-05 0.970453227145365 9.04380800540251
0.974015546855038 0.0136554595204122 -0.226069110915151 -76.6572957163774 -0.0131760333460307 0.999906604995827 0.00362952214248707 0.783897335894483 0.226097559982289 -0.000556516850511462 0.974104503458972 9.77650372568848
0.976989817900871 0.0167643657519892 -0.212626084380435 -76.7801653117123 -0.0160802469148117 0.999858468868015 0.00494650301391335 0.784608319553104 0.212678916155742 -0.00141360314144233 0.977121118566669 10.3345158920013
0.979732721388437 0.0160091960887297 -0.199668475932981 -76.9347879912791 -0.015384792682324 0.999870701715931 0.0046784617357894 0.773152112895418 0.199717557552983 -0.00151178394089209 0.979852341791551 11.0968732252286
0.982435886198045 0.0156946546540489 -0.185939257085619 -77.0511548953643 -0.0151543815349497 0.999875804625404 0.00432666673016185 0.774481198784334 0.185984069830067 -0.00143287821912958 0.982551714989829 11.7043623666614
0.985111093933412 0.0163678316505079 -0.171138034043799 -77.1791203275556 -0.0157682079406657 0.999863850362885 0.00486254623070287 0.76869009884731 0.171194323000665 -0.00209160812927014 0.985235062788458 12.4657547654548
0.987407373335563 0.0176423695714129 -0.157211405052144 -77.277439305634 -0.0169905787255676 0.999840582816301 0.0054890061149954 0.766199686537108 0.157283181927166 -0.0027487723561349 0.987549717702051 13.0947808252086
0.989325398572274 0.0178331905367791 -0.144627912434253 -77.3839109367853 -0.0176216807383013 0.999840962304692 0.00274344046487735 0.756284593583743 0.144653835440919 -0.000165568432610684 0.98948230933116 13.8201491769482
0.9908454245682 0.0183195563892998 -0.133752526951692 -77.4848559037562 -0.0188288095855172 0.999819487151146 -0.00254343122812372 0.746236854082493 0.133681788370204 0.00503854805664544 0.991011499676782 14.5922276653271
0.992132525267449 0.0165234775488734 -0.124096845230356 -77.5810487448962 -0.0177410595513986 0.999804651775041 -0.00871281211684473 0.738244143197503 0.123928637176517 0.0108458738090384 0.992231857938904 15.3128031907297
0.993098742742593 0.0160802133477268 -0.116173636862126 -77.6664352498052 -0.0172545386770853 0.999809628888552 -0.00910971332018625 0.731813439904716 0.11600503462403 0.0110513673555176 0.993187142094304 16.0990320833067
0.993821869186918 0.0182036203526248 -0.109483882521028 -77.7539967981835 -0.0186232504222927 0.999822619576255 -0.00281139242780275 0.716605119778557 0.109413284703135 0.00483296903901086 0.993984595223054 16.8359554863383
0.994290565430791 0.0227097277808802 -0.104261880663244 -77.8536764409314 -0.0222626426667474 0.999737301659532 0.00544999192764489 0.701498526787815 0.104358259073304 -0.00309773056236243 0.994534945503954 17.6303585686783
0.994711012846129 0.0234540910902809 -0.0999995326676909 -77.9338711568613 -0.0226527297271046 0.999701596430191 0.00914176847438869 0.689756205091834 0.100184104320688 -0.00682815539200602 0.99494548671543 18.3959286248459
0.995075298586297 0.022263880977325 -0.0965891802802942 -78.0111066919093 -0.0215859167561158 0.999734519658132 0.00805843667978348 0.682146804963646 0.0967429498267946 -0.00593378528020243 0.995291711937289 19.1652841972559
0.995375963426877 0.0220680423486341 -0.0934863248765053 -78.0883364501129 -0.0214879894703483 0.999743130542242 0.00720688851869725 0.674295863415121 0.0936213530159589 -0.00516473043804047 0.995594479604504 19.9346532095399
0.99567583698859 0.0205010261750963 -0.0906053837409174 -78.162979105136 -0.019730098435666 0.999761188627206 0.00939621894353524 0.668789423861058 0.090776378275352 -0.0075679350211229 0.995842545539568 20.7096739084952
0.995931919506784 0.0187208664369006 -0.0881427300881043 -78.2310740154472 -0.0177426425760915 0.999772140739302 0.0118686661411483 0.660709728325744 0.0883448376644032 -0.0102564984963049 0.996037144837804 21.4826892613391
0.996231349138101 0.0165971141084018 -0.085133041750851 -78.2996393360288 -0.0154966779931034 0.999787821840156 0.0135707137356203 0.652986379167811 0.0853402130631129 -0.0122002911190176 0.996277170736615 22.2567252095748
0.996467423141599 0.015780914008316 -0.0824841643626388 -78.3663617261304 -0.0150080761585911 0.999837553389109 0.00998120648510088 0.644523026150836 0.0826282776509266 -0.00870801848542047 0.996542391545136 23.0204958877976
0.996556598177955 0.0184170270585621 -0.0808440458061405 -78.4352415670186 -0.0182615162543098 0.999829699266696 0.00266260931446335 0.63660330147263 0.0808793153536474 -0.00117710602414553 0.996723206697493 23.7750948235193
0.996679699320632 0.0188589458725344 -0.0792080622330234 -78.5010826874422 -0.0192996211077227 0.999802215115915 -0.00480159082060803 0.624630121738448 0.0791018431342281 0.00631433368511859 0.996846541651663 24.5229993045982
0.996763966893161 0.0196939084790198 -0.0779342304268745 -78.5680252843577 -0.0204557187074564 0.999750351801403 -0.00898875103293061 0.611294622600895 0.0777377506464562 0.0105538638322932 0.996917979616497 25.2873827540222
0.996903723246019 0.0210758453086604 -0.0757547049545508 -78.6341378756482 -0.0216908561435797 0.999738039207783 -0.00730477383198484 0.594679446696867 0.0755809059087291 0.00892534063794426 0.997099726685607 26.0535802191522
0.997016542966686 0.0243935790323883 -0.073232276714223 -78.7022916678761 -0.024700714524366 0.999689473374456 -0.00329112842175482 0.576250534180383 0.0731292537411923 0.00509019904260479 0.997309481615894 26.8191223709485
0.997097448884079 0.0278010021678725 -0.0708786406988979 -78.7669781517718 -0.0277400775277034 0.99961346929601 0.00184393621159396 0.559155507203898 0.0709025072026266 0.000127594895560348 0.997483242060699 27.5769471118405
0.997334052265246 0.025372505497775 -0.0684180104720155 -78.8195455903308 -0.0251852179442404 0.99967632460655 0.00359872452975301 0.548939560924125 0.068487173903473 -0.00186600801319588 0.997650251854231 28.3290970692397
